4294967279,181
4294967279,180
4294967278,178
4294967279,177
4294967279,176
4294967278,173
4294967279,175
4294967278,172
4294967279,173
4294967278,132
4294967278,131
4294967278,130
4294967278,129
4294967278,128
4294967278,127
4294967278,126
4294967278,125
4294967278,350
4294967278,124
4294967278,123
4294967278,122
4294967278,121
4294967278,120
4294967278,119
4294967278,400
4294967278,116
4294967278,390
4294967278,114
4294967278,112
4294967278,111
4294967278,110
4294967278,106
4294967278,104
4294967278,101
4294967278,100
4294967278,99
4294967278,98
4294967278,95
4294967278,93
4294967278,91
4294967278,90
4294967278,89
4294967278,87
4294967278,86
4294967278,85
4294967278,84
4294967278,82
4294967278,79
4294967278,77
4294967278,75
4294967278,74
4294967278,73
4294967278,72
4294967278,67
4294967278,65
4294967278,284
4294967279,549
4294967279,575
4294967279,574
4294967279,247
4294967279,245
4294967279,243
4294967279,84
4294967279,83
4294967279,74
4294967279,73
4294967279,72
4294967279,68
4294967279,63
4294967279,62
4294967279,60
4294967279,46
4294967279,36
4294967279,31
4294967279,30
4294967279,19
4294967279,17
4294967279,14
4294967279,10
4294967279,9
4294967279,8
4294967279,7
4294967279,6
4294967279,5
4294967279,4
4294967279,171
4294967278,169
4294967278,167
4294967294,392
4294967294,390
4294967294,426
4294967294,120
4294967294,114
4294967278,421
4294967278,347
4294967279,165
4294967278,163
4294967294,1087
4294967294,1160
4294967279,51
4294967278,162
4294967294,29
4294967279,49
4294967279,47
4294967279,156
4294967278,158
183,6
4294967279,159
183,5
183,4
183,3
183,2
183,1
4294967279,529
4294967278,153
4294967279,573
4294967278,152
4294967278,151
4294967279,350
4294967294,107
4294967294,89
4294967279,141
4294967279,27
4294967278,290
4294967278,260
4294967278,0
4294967294,38
4294967294,37
4294967294,46
4294967294,40
4294967294,36
4294967279,24
4294967279,136
4294967279,22
4294967279,134
4294967278,269
4294967279,289
180,6
180,5
180,4
180,3
180,2
180,1
4294967294,42
4294967294,39
4294967279,15
4294967279,571
4294967278,265
4294967279,13
4294967279,286
4294967279,285
4294967278,278
4294967279,263
4294967294,1066
4294967294,1153
4294967294,1159
4294967279,516
4294967278,319
177,6
177,5
177,4
177,3
177,2
177,1
4294967278,118
4294967278,117
4294967278,115
4294967278,238
4294967278,113
4294967278,316
4294967279,228
4294967278,230
4294967279,230
4294967279,349
4294967279,224
4294967278,221
4294967279,222
4294967278,218
174,4
174,3
174,2
174,1
4294967279,215
4294967279,279
4294967294,1216
4294967294,1241
4294967279,212
173,6
4294967279,512
173,5
4294967278,207
4294967279,208
4294967278,206
173,4
4294967279,207
173,3
173,2
173,1
4294967279,514
4294967279,206
4294967279,90
4294967279,315
4294967278,202
172,5
4294967279,202
172,4
172,3
172,2
172,1
4294967278,309
4294967279,200
4294967278,198
4294967278,197
4294967294,1422
4294967279,198
4294967294,1424
4294967294,179
4294967294,410
4294967294,448
4294967294,458
4294967294,453
4294967279,312
4294967278,306
4294967279,563
4294967279,192
4294967278,305
4294967279,561
4294967278,191
171,5
171,4
171,3
171,2
171,1
4294967294,430
4294967279,188
4294967279,187
170,5
170,4
170,3
170,2
170,1
4294967279,523
4294967279,182
4294967294,17
4294967294,99
4294967294,76
4294967294,1
4294967294,186
4294967294,1420
4294967294,1072
4294967294,1068
169,4
169,3
169,2
169,1
4294967294,28
4294967294,1166
4294967278,176
4294967294,82
4294967294,68
4294967294,11
4294967294,0
4294967279,348
4294967278,420
4294967278,419
4294967278,418
4294967278,383
4294967294,41
4294967278,382
4294967294,91
4294967294,90
4294967294,87
4294967294,86
4294967294,85
4294967294,84
4294967294,1086
4294967294,1246
4294967294,1245
4294967294,419
4294967294,27
4294967294,53
4294967294,45
4294967294,389
4294967294,2
4294967294,393
4294967294,1421
4294967294,44
4294967294,96
4294967294,94
4294967294,9
4294967278,164
4294967294,8
4294967278,405
4294967279,347
4294967294,22
4294967279,531
4294967278,159
4294967279,160
4294967278,157
4294967278,109
4294967279,158
4294967294,81
4294967294,50
4294967278,154
4294967279,297
4294967278,376
4294967279,331
4294967294,52
4294967278,108
4294967278,107
4294967279,294
4294967278,291
4294967294,417
4294967294,67
4294967294,7
4294967278,353
4294967278,417
4294967278,146
4294967279,346
4294967278,144
4294967279,572
4294967279,316
4294967278,105
4294967278,103
4294967278,102
4294967278,355
4294967294,92
4294967294,1163
4294967294,88
4294967294,1419
4294967294,83
4294967279,337
4294967279,138
4294967278,137
4294967279,345
4294967278,416
4294967279,304
4294967279,276
4294967278,286
4294967278,295
4294967278,271
4294967279,274
4294967278,270
4294967278,282
4294967279,87
4294967278,373
4294967278,97
4294967278,96
4294967278,94
4294967278,396
4294967279,344
4294967278,415
4294967278,259
4294967279,262
4294967278,351
4294967278,414
4294967278,92
4294967279,324
4294967278,389
4294967278,413
4294967279,329
4294967279,321
4294967278,83
4294967279,244
4294967278,243
4294967278,71
4294967279,515
4294967279,237
4294967278,174
4294967278,81
4294967278,80
4294967278,78
4294967279,81
4294967279,513
4294967278,235
4294967278,233
4294967278,231
4294967279,231
4294967278,76
4294967279,76
4294967279,225
4294967279,221
4294967279,219
4294967278,217
4294967279,216
4294967278,349
4294967278,346
4294967278,315
4294967278,70
4294967278,69
4294967279,69
4294967279,318
4294967278,345
4294967278,68
4294967278,66
4294967279,57
4294967279,42
4294967279,34
4294967294,5
0,5
4294967294,43
4294967294,51
4294967294,25
4294967294,26
4294967294,93
4294967294,95
4294967294,6
4294967293,131
4294967293,130
4294967293,129
4294967293,128
4294967293,127
4294967293,126
4294967293,125
4294967293,124
4294967293,123
4294967293,122
4294967293,121
4294967293,120
4294967293,119
4294967293,118
4294967293,117
4294967293,116
4294967293,115
4294967293,114
4294967293,113
4294967293,112
4294967293,111
4294967293,110
4294967293,109
4294967293,108
4294967293,107
